0.429 9.8
0.873 19.6
1.314333333 29.4
1.739666667 39.2
2.149666667 49
2.590666667 58.8
2.974333333 68.6
3.418666667 78.4
3.822333333 88.2
4.222333333 98
4.606666667 107.8
4.964 117.6
5.243 127.4
5.405666667 137.2
5.567666667 147
5.712666667 156.8
5.824 166.6
5.950666667 176.4
6.066 186.2
6.174 196
6.34 205.8
6.455 215.6
6.565666667 225.4
6.699 235.2
6.796666667 245
6.920333333 254.8
7.0405 264.6
7.190666667 274.4
7.267666667 284.2
7.384666667 294
7.607333333 313.6
7.887333333 333.2
8.118666667 352.8
8.359333333 372.4
8.601666667 392
8.812 411.6
9.429666667 470.4
10.33933333 548.8
11.08866667 627.2
11.86866667 705.6
12.79 785
14.639 1020.5